902157439
423474205
840858701
857330887
978887172
212125399
359950780
824892441
298265693
594831083
512610811
675256058
391692774
551270018
1022462445
983770270
682601374
770203500
152049869
651738721
17504427
260804582
147356486
863490688
168238445
430519597
139366491
116837200
1072600924
234358113
550766947
901002639
657827912
317869133
684577654
562959175
529990488
1044522936
314095066
828251239
565598228
826700894
429751036
957285588
304214335
378457559
867300101
986810489
74902884
1019345727
564793314
92405894
206394192
712145829
955893096
374629186
68907007
21501599
491462930
67752187
255857986
1042224156
968751747
913680992
286337388
579573489
402883971
816322996
550340636
716974304
570818222
42179757
469919016
1000563691
999462819
774128502
305265172
793007142
687183163
380165184
738597090
178219119
472567889
944986632
890360558
354704820
245859402
959264467
376204643
737317734
1027013559
632058217
705786126
922009569
471983115
992118370
427826920
874861849
734685561
978162040
518080079
231746792
1020339266
987993523
158554128
946046351
688366200
463815616
665297621
301792660
843975659
330138127
480007974
242786801
201368213
296612069
597487326
447223847
182119999
973686549
110783738
135377354
531988825
816566192
1057382840
1003966325
734928756
411453976
805072405
395857938
315859864
249395676
627600398
262443097
163632773
786150391
134732630
851994734
176208792
800026324
80029613
1020179984
56406107
560034480
189210636
257771868
856641559
786693597
704991136
1038757028
686624306
815771202
100378202
144855521
558581360
84005065
75065153
219753067
495455929
880134370
615606737
811310840
55772104
169449686
1073748818
219402509
955595713
134725727
1071392399
58047169
934748035
77666250
4469431
991151285
637697606
193679200
175166778
420582913
980368214
880153559
385584082
593236632
622168821
485958992
738088180
106992144
569960889
813150170
326742138
1065411040
619528595
942343644
802966152
675297941
38035580
802959248
894695765
993628880
937680959
892332442
1051673142
798673203
969995437
1056141665
716068676
533937096
176064982
891231089
954514561
82676320
697628788
266342314
675909733
246040661
752296609
340241363
353029672
248500609
79633574
679767172
240155870
699158986
548354847
1043117061
300700222
586388093
772320556
121638800
506261048
636245614
1013967342
484178403
361162371
910207036
466564292
3470582
370387879
642625179
894700868
251146077
725298251
518573601
517484326
327451388
764609617
196023775
667688152
43880574
444520629
747318518
723645231
684672021
372721060
198242890
654033310
673416680
784626558
352597372
795051697
217130615
988837602
735263252
701304608
276243804
571714309
94110800
279713601
942096842
736732560
100657122
119485989
388274410
619227303
636966678
715721056
310080288
832985989
309652544
353958507
203749674
1056965730
3843336
888417117
355930989
202085412
468694294
1029342208
986707317
821286618
750638137
130081372
736368413
412145051
831382075
1012607093
983853855
925489372
218564556
852194934
588465987
319218666
971677067
976734948
938440769
534887803
618700127
174764382
294117195
928347520
528718988
497862936
911557519
532561488
312523628
193731788
734642517
781213039
149317840
647593989
528743573
899951832
777671495
191354775
238340284
535297499
130205522
148437630
387030682
348766822
1000628371
975491222
667980890
898549689
878470414
532665669
359681198
423414326
707425875
653793862
278005447
162387420
77898411
115805829
694944837
390419115
309534547
355830855
97874294
458848764
1003419423
626614477
285044130
707335113
817964837
523380341
168875215
948166384
671814037
555901976
223176746
598686553
457637199
891152932
423480057
262351023
350062267
783156296
685760798
1057482658
363193700
963761168
146114184
441089130
5808449
841054951
831503130
315342000
123128388
929373866
774185890
52790925
482232285
1059224800
760123313
226440245
508849379
928994186
100849620
106905418
411140011
324023340
705588417
868771984
141419200
55309810
57365020
491477823
838463304
743123001
475204711
127899615
633128291
621315032
568985098
638935725
388613644
326731726
954272511
511738499
182348903
654702530
564526772
664577023
640171579
250893213
891012545
75262517
106130295
991858546
182165543
517266924
242125675
887749539
312282438
383541469
943056525
369644847
875014074
707763985
39008953
276462227
835659719
672134860
897772277
330888334
237313583
212629226
657615493
117829234
724363298
839960022
772528036
215132980
430780795
338943080
466022339
248036744
414202680
572149196
166138894
596364161
15656177
408261002
410357474
327937073
791797473
279657659
697577225
593055569
987416533
736583778
869512858
749320451
334962073
693529270
6448693
572271441
906153842
664063122
690097009
556761144
430266894
388868651
771889615
861042480
727806944
164154630
35320792
68251231
736299695
201457661
664612407
751954266
609714483
1208972
6131238
327755405
280866149
703707418
920805775
194526341
366534732
716562788
943842231
701492096
336335491
950289850
200006337
168732475
540597008
890098793
725489464
970858399
205210690
423622775
758145077
933013002
587773466
793463558
1001261136
250316258
994916565
592117687
1002265546
530875145
593326170
1008395731
858625467
874187357
638347323
705675390
1068709044
1004876601
348481651
938795550
632612864
684812485
815329623
832614710
853540679
282169961
648957594
505274035
179271875
854163732
928891418
937412519
713420889
442908772
657120192
640926190
693220502
578280880
159286349
621730206
35396757
752608409
556370077
894019894
553039743
120959523
525939238
547993052
52079253
874415729
413032476
684689430
485472091
154604822
443547906
265256125
436771178
18745769
770525432
616038980
872907751
625660934
479695450
512572555
1068563983
63057023
79740372
688028756
641335024
239024081
236001960
676729494
991627590
792367392
496993302
470911380
913323066
1022926869
1018898778
965399561
823586842
358175303
576333074
235302108
512776361
1019875355
500554238
949542088
1038619363
197322548
491825052
837771367
822979021
971514971
276587280
817787277
1034568992
356324756
432059768
602148217
595344556
668057296
205120526
513216222
386668301
702109475
984122040
226234773
651280544
929265082
117877553
401111059
213683812
694206958
636408802
726455737
640326502
63204399
602241909
605190075
260524406
20307228
369205059
9743900
991820377
645787852
827529877
952633637
1002107187
185832591
481025833
523695848
853885475
686142030
1036906360
166796700
314494854
947272668
393027955
965770169
802781963
510902021
293124995
1016461012
131351256
929528706
669160947
771673887
992730109
197645620
303107310
179498162
217951187
672307768
189240841
136015064
244338653
1016766143
14890462
172689536
128842422
495914756
696381239
982723921
108298823
659531817
75763713
422790400
533048507
468788691
314804375
262073710
979685164
607924978
204778582
37279047
463697605
873934959
808950569
382671694
1071575898
38299227
562165871
215771347
710604624
751402386
351783123
954938384
694412735
366672069
53870524
823251271
862581656
750249015
732219382
970876764
336024277
807979926
319910996
869067661
203011604
634710881
57383386
108940049
168878410
262159492
146217156
632571978
62336567
955163576
1015238161
60156701
993460382
503648157
275925511
630309154
181293290
627704195
511491549
875701625
994370830
565359397
625196959
783196703
241851490
283659583
680317623
577871524
17880265
1000223319
373182860
220890290
561178329
430563575
329827250
730052576
692718504
476040759
288867812
755052157
357448172
230349871
815205963
277152406
733993499
17372248
907456564
915282357
645074773
345191805
717228136
565689719
910545976
268668264
275129680
78640005
552323656
955442250
656508382
570202240
881909819
1029685727
791087966
369331833
386493411
47156666
25625114
5451563
523194902
314491039
760502728
880637882
544836787
501952563
84032703
205073150
519323155
991485901
46597668
90639707
262921528
763823214
656326111
99710240
1032486371
931450771
178347856
511054196
813137239
834851899
7496048
621291116
790781868
798582863
990617515
103517505
845736907
1016240598
108968149
295175240
256975578
869467200
102055712
801807611
297663251
186085972
1006876067
816981488
103815230
1053471092
907617752
366733616
743538564
490187783
466440594
702269159
347882312
644784336
139565718
87261683
405879928
147060693
708549499
122904204
945639405
625411155
226419019
717620475
567895914
335384062
1012790504
824866702
131094021
41089328
552918271
428753815
227173133
486038433
171978140
330985301
465753741
5836734
697714220
135534705
496023508
90396660
837799900
843900728
735177634
977361530
931159010
67299175
50665010
565952542
190200990
996301686
117605779
416616366
640166321
685498034
751995577
579200981
436608484
883085654
620287889
989521206
238082812
847456350
401803628
410057369
104684101
867552151
415893096
802394731
1003082795
911911261
892787957
767126913
682056116
554209579
670732597
539459133
621505806
721394939
31652296
811702397
643940786
149256216
154561475
210349947
834750156
906552856
789546423
197601670
715882662
336077783
113366260
953960615
109776631
515166437
290261700
214458103
308962104
706150133
1016848069
238288742
544305389
835880269
1005410741
152603948
316333324
602387493
692059089
937833942
250025520
723709193
675780468
893961451
872961287
830337803
30553078
633955511
663134765
820097328
831552706
305260746
82417215
944915197
185464805
192191375
386325487
475722690
406645871
695282924
108114892
349737976
933566826
652416750
111860716
865221815
805016598
428190724
393853015
423319395
292268331
643874111
73270260
968043655
464079432
946228372
724625634
494630405
506427878
314003756
240970925
264223888
619260066
323385269
135382264
804720512
515572703
521704103
206686200
922213216
143229414
314798044
198194534
3037098
967209562
310052196
868258157
698470322
738238141
188354259
48030894
1030501247
832223962
121299200
924789168
222546534
1067523653
575658843
717172476
500195794
889657495
958138522
764414965
435161378
207767329
899793227
166124662
723335632
347741013
372807420
571792880
